0.0 0.0
0.25 0.6756987896638664
0.5 0.5910384230472714
0.75 -0.9248906798196739

0.8507424595470744 -0.4773392267657599
1.1007424595470745 -0.92699322314356
1.3507424595470745 -0.1320187591868578
1.6007424595470745 -0.4410269515128227

1.5140010165086015 -0.4057673953350464
1.7640010165086015 -0.9372501783143712
2.0140010165086015 0.9626829952885692
2.2640010165086015 -0.7694125660845195

2.170083616266134 -0.35739840781308596
2.420083616266134 0.6764258199905504
2.670083616266134 0.4164940682280802
2.920083616266134 -0.946300151236767

2.8877617138250624 -0.5615980934266321
3.1377617138250624 -0.6241947242603396
3.3877617138250624 0.20341713423136132
3.6377617138250624 0.06268961890771307

